<svg width="461" height="225" viewBox="0 0 461 225" fill="none" xmlns="http://www.w3.org/2000/svg">
<path d="M435.037 224.405C427.363 224.405 421.168 219.182 416.452 208.734C411.737 198.287 409.379 184.602 409.379 167.677V159.528C409.379 158.484 409.518 157.648 409.795 157.021C410.165 156.185 410.581 155.767 411.043 155.767H423.664C424.127 155.767 424.496 156.185 424.774 157.021C425.144 157.648 425.329 158.484 425.329 159.528V165.797C425.329 173.945 426.207 180.527 427.964 185.542C429.813 190.556 432.171 193.064 435.037 193.064C437.903 193.064 440.261 190.765 442.11 186.169C443.96 181.363 444.884 175.095 444.884 167.364C444.884 161.931 444.376 157.23 443.359 153.26C442.342 149.29 440.909 145.529 439.059 141.977C437.21 138.425 434.251 133.306 430.183 126.62C425.56 119.098 421.815 112.412 418.949 106.561C416.175 100.711 413.817 93.7111 411.875 85.5623C410.026 77.2046 409.102 67.5932 409.102 56.7281C409.102 39.3858 411.413 25.5956 416.036 15.3573C420.659 5.11911 426.762 0 434.344 0C442.018 0 448.213 5.43253 452.929 16.2976C457.644 26.9537 460.002 41.1618 460.002 58.922V66.444C460.002 67.4887 459.817 68.429 459.447 69.2647C459.17 69.8916 458.8 70.205 458.338 70.205H445.855C445.393 70.205 444.977 69.8916 444.607 69.2647C444.33 68.429 444.191 67.4887 444.191 66.444V58.2952C444.191 50.1464 443.266 43.6692 441.417 38.8635C439.66 33.8488 437.302 31.3415 434.344 31.3415C431.57 31.3415 429.305 33.6399 427.548 38.2366C425.791 42.6245 424.913 48.7883 424.913 56.7281C424.913 64.2501 425.837 70.6229 427.686 75.8465C429.628 81.07 433.373 88.2786 438.921 97.4721C444.561 106.875 448.814 114.605 451.68 120.665C454.547 126.515 456.766 132.992 458.338 140.097C459.909 147.201 460.695 155.663 460.695 165.483C460.695 183.243 458.338 197.556 453.622 208.421C448.906 219.077 442.711 224.405 435.037 224.405Z" fill="#B10200"/>
<path d="M380.106 224.405C372.246 224.405 365.913 219.077 361.105 208.421C356.389 197.556 354.031 183.243 354.031 165.483V58.6086C354.031 40.6395 356.389 26.4313 361.105 15.9842C365.913 5.32806 372.246 0 380.106 0C388.057 0 394.437 5.32806 399.245 15.9842C404.053 26.4313 406.457 40.6395 406.457 58.6086V62.3696C406.457 63.4143 406.272 64.3546 405.902 65.1903C405.625 66.0261 405.255 66.444 404.793 66.444L391.894 67.6977C390.785 67.6977 390.23 66.444 390.23 63.9367V56.1013C390.23 48.7883 389.306 42.8334 387.456 38.2366C385.607 33.6399 383.157 31.3415 380.106 31.3415C377.147 31.3415 374.743 33.6399 372.894 38.2366C371.044 42.8334 370.12 48.7883 370.12 56.1013V168.304C370.12 175.617 371.044 181.572 372.894 186.169C374.743 190.765 377.147 193.064 380.106 193.064C383.157 193.064 385.607 190.765 387.456 186.169C389.306 181.572 390.23 175.617 390.23 168.304V160.469C390.23 159.424 390.369 158.588 390.646 157.961C391.016 157.125 391.432 156.708 391.894 156.708L404.793 157.961C405.255 157.961 405.625 158.379 405.902 159.215C406.272 159.842 406.457 160.677 406.457 161.722V165.483C406.457 183.243 404.053 197.556 399.245 208.421C394.437 219.077 388.057 224.405 380.106 224.405Z" fill="#B10200"/>
<path d="M350.763 30.0805C350.763 31.1253 350.578 32.0655 350.208 32.9013C349.931 33.5281 349.561 33.8415 349.099 33.8415H319.141C318.679 33.8415 318.448 34.3639 318.448 35.4086V94.6441C318.448 95.6888 318.679 96.2111 319.141 96.2111H336.894C337.356 96.2111 337.726 96.629 338.003 97.4648C338.373 98.0916 338.558 98.9274 338.558 99.9721V124.105C338.558 125.15 338.373 126.09 338.003 126.926C337.726 127.553 337.356 127.866 336.894 127.866H319.141C318.679 127.866 318.448 128.388 318.448 129.433V188.982C318.448 190.027 318.679 190.549 319.141 190.549H349.099C349.561 190.549 349.931 190.967 350.208 191.803C350.578 192.43 350.763 193.265 350.763 194.31V218.13C350.763 219.174 350.578 220.115 350.208 220.95C349.931 221.577 349.561 221.891 349.099 221.891H304.024C303.561 221.891 303.145 221.577 302.775 220.95C302.498 220.115 302.359 219.174 302.359 218.13V6.26099C302.359 5.21627 302.498 4.3805 302.775 3.75366C303.145 2.91789 303.561 2.5 304.024 2.5H349.099C349.561 2.5 349.931 2.91789 350.208 3.75366C350.578 4.3805 350.763 5.21627 350.763 6.26099V30.0805Z" fill="#B10200"/>
<path d="M243.567 221.891C242.919 221.891 242.503 221.473 242.318 220.637C242.133 219.801 242.133 218.756 242.318 217.503L261.319 113.136C261.412 112.509 261.412 111.882 261.319 111.255L242.318 6.88781C242.226 6.46993 242.18 5.8431 242.18 5.00733C242.18 3.33578 242.642 2.5 243.567 2.5H256.742C257.667 2.5 258.268 3.54472 258.545 5.63415L269.641 73.6452C269.733 74.2721 269.872 74.5855 270.057 74.5855C270.242 74.5855 270.381 74.2721 270.473 73.6452L281.43 5.63415C281.707 3.54472 282.308 2.5 283.233 2.5H296.27C296.917 2.5 297.333 2.91789 297.518 3.75366C297.703 4.58944 297.703 5.63416 297.518 6.88781L278.517 111.255C278.425 111.882 278.425 112.509 278.517 113.136L297.518 217.503C297.611 217.921 297.657 218.548 297.657 219.383C297.657 221.055 297.195 221.891 296.27 221.891H283.372C282.354 221.891 281.707 220.846 281.43 218.756L270.473 151.059C270.381 150.432 270.242 150.119 270.057 150.119C269.872 150.119 269.733 150.432 269.641 151.059L258.545 218.756C258.268 220.846 257.621 221.891 256.604 221.891H243.567Z" fill="#B10200"/>
<path d="M240.568 30.0805C240.568 31.1253 240.383 32.0655 240.013 32.9013C239.736 33.5281 239.366 33.8415 238.904 33.8415H208.946C208.484 33.8415 208.252 34.3639 208.252 35.4086V94.6441C208.252 95.6888 208.484 96.2111 208.946 96.2111H226.699C227.161 96.2111 227.531 96.629 227.808 97.4648C228.178 98.0916 228.363 98.9274 228.363 99.9721V124.105C228.363 125.15 228.178 126.09 227.808 126.926C227.531 127.553 227.161 127.866 226.699 127.866H208.946C208.484 127.866 208.252 128.388 208.252 129.433V188.982C208.252 190.027 208.484 190.549 208.946 190.549H238.904C239.366 190.549 239.736 190.967 240.013 191.803C240.383 192.43 240.568 193.265 240.568 194.31V218.13C240.568 219.174 240.383 220.115 240.013 220.95C239.736 221.577 239.366 221.891 238.904 221.891H193.828C193.366 221.891 192.95 221.577 192.58 220.95C192.303 220.115 192.164 219.174 192.164 218.13V6.26099C192.164 5.21627 192.303 4.3805 192.58 3.75366C192.95 2.91789 193.366 2.5 193.828 2.5H238.904C239.366 2.5 239.736 2.91789 240.013 3.75366C240.383 4.3805 240.568 5.21627 240.568 6.26099V30.0805Z" fill="#B10200"/>
<path d="M166.404 30.0805C166.404 31.1253 166.219 32.0655 165.849 32.9013C165.572 33.5281 165.202 33.8415 164.74 33.8415H134.782C134.32 33.8415 134.088 34.3639 134.088 35.4086V94.6441C134.088 95.6888 134.32 96.2111 134.782 96.2111H152.535C152.997 96.2111 153.367 96.629 153.644 97.4648C154.014 98.0916 154.199 98.9274 154.199 99.9721V124.105C154.199 125.15 154.014 126.09 153.644 126.926C153.367 127.553 152.997 127.866 152.535 127.866H134.782C134.32 127.866 134.088 128.388 134.088 129.433V188.982C134.088 190.027 134.32 190.549 134.782 190.549H164.74C165.202 190.549 165.572 190.967 165.849 191.803C166.219 192.43 166.404 193.265 166.404 194.31V218.13C166.404 219.174 166.219 220.115 165.849 220.95C165.572 221.577 165.202 221.891 164.74 221.891H119.664C119.202 221.891 118.786 221.577 118.416 220.95C118.139 220.115 118 219.174 118 218.13V6.26099C118 5.21627 118.139 4.3805 118.416 3.75366C118.786 2.91789 119.202 2.5 119.664 2.5H164.74C165.202 2.5 165.572 2.91789 165.849 3.75366C166.219 4.3805 166.404 5.21627 166.404 6.26099V30.0805Z" fill="#B10200"/>
<path d="M94.4643 6.26099C94.4643 5.21627 94.603 4.3805 94.8804 3.75366C95.2503 2.91789 95.6663 2.5 96.1286 2.5H108.888C109.351 2.5 109.721 2.91789 109.998 3.75366C110.368 4.3805 110.553 5.21627 110.553 6.26099V218.13C110.553 219.174 110.368 220.115 109.998 220.95C109.721 221.577 109.351 221.891 108.888 221.891H96.1286C95.6663 221.891 95.2503 221.577 94.8804 220.95C94.603 220.115 94.4643 219.174 94.4643 218.13V129.433C94.4643 128.388 94.2332 127.866 93.7709 127.866H76.1569C75.6945 127.866 75.4634 128.388 75.4634 129.433V218.13C75.4634 219.174 75.2785 220.115 74.9086 220.95C74.6312 221.577 74.2614 221.891 73.7991 221.891H61.0393C60.577 221.891 60.1609 221.577 59.7911 220.95C59.5137 220.115 59.375 219.174 59.375 218.13V6.26099C59.375 5.21627 59.5137 4.3805 59.7911 3.75366C60.1609 2.91789 60.577 2.5 61.0393 2.5H73.7991C74.2614 2.5 74.6312 2.91789 74.9086 3.75366C75.2785 4.3805 75.4634 5.21627 75.4634 6.26099V94.6441C75.4634 95.6888 75.6945 96.2111 76.1569 96.2111H93.7709C94.2332 96.2111 94.4643 95.6888 94.4643 94.6441V6.26099Z" fill="#B10200"/>
<path d="M53.3968 2.5C53.8591 2.5 54.229 2.91789 54.5063 3.75366C54.8762 4.3805 55.0611 5.21627 55.0611 6.26099V30.0805C55.0611 31.1253 54.8762 32.0655 54.5063 32.9013C54.229 33.5281 53.8591 33.8415 53.3968 33.8415H35.7828C35.3205 33.8415 35.0893 34.3639 35.0893 35.4086V218.13C35.0893 219.174 34.9044 220.115 34.5345 220.95C34.2572 221.577 33.8873 221.891 33.425 221.891H20.6653C20.2029 221.891 19.7869 221.577 19.417 220.95C19.1396 220.115 19.0009 219.174 19.0009 218.13V35.4086C19.0009 34.3639 18.7698 33.8415 18.3075 33.8415H1.66432C1.20201 33.8415 0.785927 33.5281 0.416079 32.9013C0.138693 32.0655 0 31.1253 0 30.0805V6.26099C0 5.21627 0.138693 4.3805 0.416079 3.75366C0.785927 2.91789 1.20201 2.5 1.66432 2.5H53.3968Z" fill="#B10200"/>
</svg>
